10100100001111101011001111011110101011
10011101111001000100000010111001011011
10011001000001011101111100101010101010
11110011011100001111010001001000111001
11011010100100111110001100001001001011
11010101110011010000100011001000011011
10010101101011011010101011101011001100
10101001111111110010110111010010101100
11101111000001010100100010111111100010
11111100100100010110000001110100010110
11111100110111000001101110111101000111
10011000010001001001100001010110000000
10111001010000101101111100011110111011
11101000000110101100000100010000000011
10010001001001010110110001001111100011
11000100000001010010100011011001000011
11000010001100001111100010000001011001
10101101111000110011011010111111000010
11010011001011100100010001000001101001
10011001010101100010101100111001010111
