1110111001001000111001111000110111011110011110000100000111011011
1000000101001110110100010111011111100111010000010111010001001011
1100101001101100011011000000100101010000110001011111011010101111
0000011011111010101001010011000010101100010100000000000010010101
1100110010100110110001101001000011001100111100110011011011000101
0000100110010011111111000000000011111001100100110011000000110011
1100111110010110001111111010010101101100010100110101000001010011
1101100011011011111010000001101110110111010001001011101101000111
0111011100011110101110000001001001110100011101000010110111100001
0111000111011011110101001101010001000111001011101011100010001011
0100000110110001101101000111100011010010010001000100111011101011
0010111010001011011101000010000111011101100001111101001010000111
1110001000010001001010000100110111010010110111101011001000100111
1110101100011011110100101101001010111110010011100111011110000111
0000011010101100010110101100001111111010111101010000110000111111
0111000100100100001011100100100000101011110110111011011101111011
1001001100000110111100000011000010101111011011111111111110010101
0111110101000001111001000001101101001101000110000100110100101011
0000101010011111111100111001011001101100010100111001101001010101
0001011111101000111000101000101100011101011110110001100011100111
